2000
116
916
700
174
302
357
318
255
180
994
847
75
468
440
403
471
505
189
48
721
525
944
86
233
909
368
900
550
486
802
535
21
384
545
280
600
709
790
894
310
445
73
275
122
197
546
31
150
584
720
766
59
405
187
935
844
685
936
635
837
797
124
104
459
914
957
100
603
504
712
655
270
247
695
208
995
396
439
325
93
502
430
248
706
656
58
348
501
772
67
195
689
986
171
112
574
77
987
114
773
628
437
724
301
263
285
119
356
372
511
138
969
461
298
917
756
913
870
391
271
43
62
500
835
413
586
503
719
710
887
831
966
253
338
547
51
290
506
431
99
787
260
975
912
215
786
274
629
227
87
532
631
865
155
55
148
264
563
744
19
812
313
29
85
587
723
820
964
216
46
64
164
311
476
81
768
186
959
442
414
20
201
639
962
943
395
127
32
549
44
972
402
53
982
474
219
698
902
232
735
355
245
715
813
580
470
553
559
516
16
538
196
312
254
435
929
980
179
610
365
96
416
754
855
131
634
234
557
826
331
827
361
889
743
47
394
825
518
874
333
859
728
319
521
258
424
617
279
904
183
612
483
816
791
226
346
822
282
421
765
296
907
250
793
718
938
860
509
103
5
981
767
694
537
487
568
620
862
614
526
759
98
722
774
349
956
686
497
569
749
548
320
351
792
347
605
626
276
527
636
278
109
536
852
899
484
443
330
940
808
54
891
776
750
602
157
688
444
879
675
326
651
672
607
417
382
229
88
650
978
674
35
125
948
210
556
696
625
945
566
903
990
801
925
798
953
955
493
976
998
478
726
496
934
896
146
895
846
804
267
284
800
38
358
841
984
878
713
616
746
206
565
456
872
641
817
615
49
192
369
734
753
884
533
918
457
858
480
733
352
37
552
432
237
653
915
360
106
28
291
72
542
540
886
762
469
467
472
611
139
947
670
165
853
979
281
252
257
664
166
823
287
412
277
218
419
269
400
711
647
613
970
481
452
410
436
781
249
438
906
897
406
339
381
992
519
807
426
151
336
621
738
126
928
321
176
135
595
458
1000
118
222
415
178
433
242
491
643
875
169
490
573
845
236
246
91
392
699
676
286
854
648
423
113
576
342
658
623
379
763
864
608
385
515
968
601
830
599
517
863
960
604
181
937
477
393
115
582
819
241
564
561
578
632
309
606
92
289
485
374
2
185
184
680
453
926
128
364
581
462
142
95
172
390
152
769
482
473
725
512
572
551
543
306
366
398
130
324
404
652
292
668
223
704
873
261
328
842
677
799
389
771
673
583
363
737
828
778
833
952
334
640
359
52
901
898
965
880
163
644
380
84
316
71
343
661
888
682
840
13
657
465
919
353
751
317
6
4
660
18
590
951
534
14
429
999
120
23
868
637
514
362
39
350
761
973
30
933
747
513
230
314
843
449
36
806
448
520
273
849
510
757
892
705
207
387
89
354
262
386
529
401
447
63
50
239
523
101
341
742
22
132
839
714
498
671
454
238
42
211
530
645
967
373
764
425
528
555
803
427
848
588
33
687
949
558
377
345
717
27
630
869
702
861
200
156
871
544
158
905
788
703
993
683
697
293
560
577
592
748
108
191
12
927
619
420
758
731
307
175
867
147
794
240
950
740
188
272
451
923
659
732
25
79
939
507
10
220
17
129
585
624
244
961
838
154
531
760
810
727
893
494
107
985
931
850
61
162
209
524
60
143
40
24
308
327
137
466
329
388
924
378
265
594
996
701
741
693
930
890
920
300
690
579
618
256
303
45
663
441
168
989
159
177
80
692
297
784
212
418
160
1
883
824
811
375
818
649
475
834
983
662
9
407
204
997
567
795
376
26
182
288
562
597
110
946
428
627
633
214
856
729
411
736
76
963
190
908
479
117
876
932
796
988
971
8
463
779
638
974
41
82
97
295
450
231
161
194
83
78
885
836
495
228
541
911
69
294
205
149
669
716
408
866
193
370
74
446
337
667
299
708
829
499
492
782
570
783
259
367
266
539
622
977
121
332
141
344
304
251
422
785
877
199
665
134
958
646
221
322
224
34
777
591
202
464
707
123
136
910
66
589
455
203
340
3
809
399
678
654
954
243
851
666
144
922
225
752
217
815
111
789
508
15
770
941
775
434
57
94
268
755
942
65
335
213
198
460
153
609
780
921
596
681
489
102
522
70
409
323
832
571
593
170
488
56
575
739
745
90
283
881
691
814
305
140
167
173
991
730
642
554
882
397
679
133
145
105
821
235
598
68
805
857
7
383
684
371
315
11
